400
6 100
46 59
79 39
50 9
47 100
71 86
68 12
15 69
94 94
17 57
18 96
12 87
69 31
13 77
23 54
51 3
28 40
26 89
37 6
76 32
10 98
19 59
70 1
14 33
40 21
72 73
24 13
20 56
62 36
77 59
14 39
11 60
41 97
33 80
13 23
28 92
79 23
93 52
71 25
4 60
20 61
47 78
39 71
22 14
54 27
39 19
75 17
2 64
48 27
0 38
19 70
29 74
25 23
27 26
96 99
23 70
62 11
36 72
41 14
39 21
23 79
3 48
32 76
83 2
99 72
68 88
41 55
69 34
18 34
51 93
72 92
92 21
57 66
23 45
95 69
87 82
69 34
66 73
70 70
79 5
57 60
65 41
94 0
65 6
17 17
38 18
55 3
41 99
65 92
39 91
8 96
83 51
100 40
82 33
91 84
30 97
35 16
69 28
95 27
47 53
50 94
13 62
47 77
45 64
94 54
52 61
66 37
26 94
20 67
85 76
6 44
72 25
67 84
61 55
18 88
71 0
24 52
32 99
94 80
5 7
5 5
87 42
76 93
73 72
97 35
68 33
67 6
24 19
26 71
43 70
55 43
17 17
99 86
13 78
69 53
2 31
84 36
61 93
53 33
72 0
21 10
17 58
46 26
5 34
65 64
94 15
85 15
23 94
53 66
53 37
50 93
76 28
5 29
86 61
11 43
63 32
65 83
54 90
78 85
45 81
73 84
65 3
13 95
53 88
50 71
6 91
58 98
90 20
16 2
60 100
38 63
33 3
36 35
99 28
42 78
42 30
18 45
3 24
50 74
52 55
29 43
80 56
99 4
34 94
53 8
87 4
7 48
16 16
9 99
82 64
89 16
65 57
7 54
14 40
6 84
22 3
84 32
97 64
11 40
56 19
91 63
18 92
22 25
96 55
22 38
8 59
13 55
51 70
14 51
40 60
50 89
35 36
15 78
57 83
49 70
83 46
25 33
85 63
76 34
44 15
23 43
88 97
27 43
19 46
73 13
80 83
68 91
44 68
17 88
81 93
80 46
13 38
50 6
89 27
86 71
70 0
42 79
34 45
0 20
91 60
75 68
1 23
43 51
58 51
80 87
64 24
18 63
59 7
22 47
54 49
64 3
10 12
56 2
84 6
4 52
67 82
3 76
99 100
22 88
26 6
57 21
8 8
5 0
12 66
51 0
55 30
88 56
100 91
11 96
45 73
23 16
76 90
78 33
35 6
64 31
98 93
42 75
46 22
15 81
23 76
10 73
22 42
85 81
69 100
1 70
49 21
47 50
57 17
54 17
45 25
73 98
46 37
6 37
89 49
50 68
22 11
69 35
68 47
95 30
92 28
35 18
29 95
78 61
22 36
100 21
84 55
26 89
84 90
72 16
38 72
58 55
56 28
32 65
63 67
73 26
39 4
21 84
83 61
21 70
49 29
45 6
13 26
45 35
69 27
72 75
100 34
57 34
93 6
28 20
12 56
78 5
79 65
85 30
24 83
83 98
43 30
74 69
53 3
67 80
38 21
31 62
28 13
56 26
16 7
66 3
15 45
11 19
19 31
53 39
76 21
99 6
79 28
32 8
32 7
28 81
57 96
56 52
67 59
89 65
35 18
47 45
27 49
48 19
25 2
66 3
4 45
36 1
99 95
22 63
69 53
85 53
59 15
45 69
52 54
83 84
29 92
55 32
98 46
78 52
87 6
56 19
72 65
90 3
17 79
94 47
100 24
48 94
33 23
66 40
23 98
31 89
0 20
95 77
53 3
78 98
62 35
94 77
96 99
56 59
15 14
