900
40 166
28 60
39 833
61 441
85 786
17 648
39 281
50 199
65 159
34 781
60 106
81 955
56 235
84 648
41 608
60 482
84 237
76 39
18 845
78 781
82 612
46 331
87 343
48 55
6 73
26 597
18 575
2 346
29 792
93 715
38 906
38 583
18 831
10 401
63 259
74 657
29 780
35 91
62 722
93 457
99 848
42 360
77 916
56 66
12 209
33 453
49 584
68 833
85 341
9 692
53 295
92 427
67 964
87 984
77 6
86 570
47 620
35 817
47 66
25 123
17 535
51 750
26 317
61 208
82 116
34 652
63 79
91 219
3 320
88 992
94 223
35 915
57 8
13 173
79 815
88 292
40 771
14 953
16 162
16 984
49 783
55 895
61 589
64 253
51 223
34 31
99 192
49 783
18 117
82 39
42 327
54 442
32 459
16 812
100 22
97 994
13 183
37 24
2 180
7 516
2 326
16 952
25 904
26 291
64 794
98 955
71 885
17 212
61 831
34 743
63 184
50 111
71 438
71 44
71 324
33 297
54 496
96 264
86 936
83 596
68 900
26 652
19 886
96 68
63 393
10 885
71 45
45 301
2 884
58 893
52 78
43 241
13 350
11 679
54 510
78 410
35 514
33 270
50 840
19 776
18 400
26 252
69 857
37 29
19 77
38 701
11 145
42 233
17 252
73 571
73 169
20 280
66 463
18 406
87 374
23 399
93 60
31 583
63 246
98 124
30 114
33 1
17 868
83 517
46 312
26 778
28 629
34 519
6 320
66 58
63 759
88 300
63 123
100 282
24 225
34 180
88 575
30 524
9 650
30 103
5 125
30 6
48 928
21 739
15 140
27 953
2 852
99 405
9 291
43 685
75 651
68 92
57 992
44 193
27 66
87 833
74 30
81 957
91 745
9 911
80 993
80 684
7 887
99 468
82 278
42 528
26 763
10 582
31 172
27 337
5 12
26 315
72 852
55 727
21 878
64 508
86 163
92 309
74 216
65 13
55 545
58 539
85 650
33 935
5 411
98 212
43 29
54 517
5 424
86 83
86 973
49 834
92 948
91 82
89 39
91 127
50 508
64 318
77 45
67 205
0 9
1 537
59 773
38 910
80 801
57 989
7 54
49 225
69 128
38 127
74 466
72 461
60 386
85 925
93 267
19 278
81 490
63 167
93 12
47 58
72 45
18 601
14 531
78 847
58 232
24 824
44 458
39 962
43 89
54 820
87 15
28 334
52 857
34 683
21 633
39 296
71 708
91 479
59 656
12 161
45 268
60 424
96 295
49 144
65 538
78 191
77 366
5 119
7 125
90 65
69 900
48 314
83 816
32 378
53 801
30 933
1 730
85 375
81 696
95 288
24 402
8 362
46 248
38 411
79 323
85 965
53 664
82 780
66 677
67 721
33 451
56 220
51 651
73 320
68 966
14 299
58 95
14 116
82 969
3 819
43 168
59 222
13 418
21 245
10 551
3 123
26 737
74 914
37 754
11 570
37 259
64 320
81 989
28 376
65 952
79 984
49 917
4 146
50 772
95 769
62 709
73 870
40 637
58 936
11 36
69 99
41 376
42 588
80 990
24 51
98 733
48 373
58 44
65 175
30 451
19 236
22 171
87 440
100 719
55 774
45 717
51 345
76 965
55 109
31 226
11 926
32 702
38 228
0 774
96 684
72 293
73 304
66 173
28 715
38 720
32 212
75 760
76 145
31 54
52 247
50 576
99 508
11 889
96 145
10 76
33 239
36 254
92 985
93 965
15 35
40 966
86 336
97 139
42 800
78 791
86 870
7 659
45 708
15 441
54 223
46 403
96 607
70 401
2 60
90 806
79 145
80 895
1 791
66 785
30 743
33 164
14 673
34 317
78 631
15 355
94 393
82 956
70 686
6 183
93 611
72 645
87 249
25 593
13 53
60 433
89 872
6 817
97 653
73 401
95 785
4 9
13 882
35 679
21 840
61 899
36 547
82 710
32 216
22 463
68 369
76 977
4 11
31 235
95 368
95 511
29 138
39 629
100 481
63 2
43 361
98 492
70 341
49 972
77 584
67 821
4 280
5 382
74 658
44 22
17 674
14 993
38 590
9 85
99 15
23 105
9 944
28 490
90 969
99 887
32 819
33 828
22 423
74 566
91 235
19 162
77 728
86 412
5 176
30 100
47 138
47 910
60 742
30 66
79 766
32 393
54 849
100 763
7 468
14 930
57 362
9 753
88 248
95 79
96 186
63 510
54 802
61 824
19 577
44 980
27 101
2 706
45 3
11 21
9 649
64 620
60 798
71 477
68 254
24 319
85 255
76 529
5 257
24 1000
90 202
31 632
25 376
96 727
80 545
21 640
34 970
87 328
64 289
84 457
82 325
1 938
88 6
45 490
3 53
4 74
1 299
47 540
66 87
36 638
13 664
12 243
65 791
16 901
62 719
78 340
97 343
22 959
98 728
54 307
98 304
76 696
94 220
50 73
48 29
49 364
67 748
22 833
73 976
74 993
56 168
74 480
40 222
99 947
36 377
77 336
94 949
91 997
2 773
10 978
14 499
74 316
2 587
50 527
47 749
21 476
55 383
71 282
27 232
99 422
33 371
22 457
47 169
61 588
87 906
15 380
68 684
22 386
91 430
58 558
50 837
20 971
13 571
18 535
35 888
16 649
16 997
37 992
60 34
0 96
74 555
74 258
1 744
59 477
100 929
32 540
78 60
4 842
90 74
100 934
44 319
4 641
79 534
1 107
34 850
49 365
73 266
89 438
68 198
68 712
63 931
6 669
99 273
20 676
42 698
79 232
22 902
74 158
95 664
2 562
35 753
59 249
17 308
97 658
22 863
55 225
83 478
5 317
71 628
14 332
80 176
81 90
98 102
61 708
66 731
48 17
72 443
99 86
79 882
41 237
67 326
73 632
1 486
34 913
43 105
74 891
80 383
39 20
60 687
2 281
60 809
97 725
56 917
92 961
84 589
87 879
6 0
58 561
27 124
92 792
94 457
18 177
32 444
64 914
30 982
20 349
83 105
85 577
49 207
34 705
97 759
35 663
50 130
91 593
63 436
20 876
31 790
19 29
75 94
16 246
45 351
22 397
8 762
53 320
12 439
79 369
20 325
92 992
6 727
33 588
10 923
35 998
14 981
22 976
3 527
21 669
91 456
58 127
5 376
10 812
68 507
60 15
67 744
42 439
91 365
50 885
22 754
20 307
74 942
14 611
8 134
37 887
53 51
64 519
41 954
82 291
84 132
45 718
32 74
64 903
51 450
78 572
19 28
59 867
14 941
38 958
45 709
3 516
22 925
72 768
78 689
60 848
75 336
100 502
81 577
25 187
18 889
62 691
48 513
66 57
61 751
96 313
40 973
63 758
35 898
46 819
56 713
28 950
72 173
28 143
68 234
76 949
92 947
11 88
20 699
8 434
37 239
14 722
71 108
83 722
75 621
35 835
31 555
20 444
83 57
12 693
65 635
55 427
52 660
57 564
1 215
14 610
61 570
22 183
11 440
34 103
98 309
44 781
40 206
3 31
88 640
42 154
21 361
9 302
58 891
76 401
56 621
93 368
19 677
19 235
74 746
10 712
91 945
47 316
54 325
83 258
70 932
23 544
68 129
95 779
30 536
29 425
96 936
99 816
20 588
74 106
10 740
11 738
47 869
34 579
59 764
98 318
47 445
33 625
6 383
83 767
46 321
92 882
92 317
25 968
60 628
56 831
83 536
58 751
19 660
95 513
22 512
92 783
50 54
92 642
74 436
70 231
17 6
24 825
5 647
87 424
8 421
65 395
34 442
21 906
3 258
90 488
91 816
77 547
60 401
4 324
63 593
89 782
85 914
43 263
71 208
3 900
53 891
97 268
90 966
19 1
45 636
63 149
79 261
68 411
13 688
30 147
17 296
76 407
9 665
94 950
87 953
44 20
14 524
76 198
86 12
38 688
5 326
89 625
99 426
74 29
85 420
2 599
49 917
46 416
25 444
6 387
3 289
42 465
42 841
86 883
53 952
68 728
34 901
83 54
58 290
24 167
16 194
54 648
38 555
8 293
12 735
