1200
2 574
54 854
67 456
53 285
87 350
69 914
6 379
78 952
65 63
26 245
47 3
48 287
88 609
8 999
92 540
8 402
28 909
82 823
72 674
3 86
81 991
11 598
31 596
81 58
82 439
18 142
55 592
85 516
26 871
27 719
49 468
59 152
100 561
19 862
32 591
72 95
42 639
51 68
48 756
90 787
99 894
17 400
39 944
75 221
30 420
66 506
85 49
50 11
35 815
25 727
15 350
35 484
1 800
8 774
63 743
58 195
21 129
60 286
96 602
45 536
8 812
58 953
95 404
59 368
31 54
1 726
74 99
68 610
23 872
61 187
94 648
63 265
6 950
86 885
76 49
44 982
94 498
71 410
75 124
76 264
90 506
79 456
85 189
66 691
32 302
77 804
39 770
75 102
87 736
3 38
13 244
28 737
34 447
85 519
59 742
38 870
2 702
34 271
25 917
3 599
87 374
49 878
14 876
32 202
71 706
12 615
11 347
6 635
13 996
53 412
52 468
96 538
22 546
1 285
68 45
8 128
95 478
77 214
100 943
66 247
86 181
40 238
85 465
95 163
62 850
59 774
15 310
60 483
67 251
30 898
27 80
73 198
11 576
59 114
3 154
41 779
65 797
45 84
76 703
76 938
58 228
74 313
46 891
42 104
26 399
72 533
72 671
27 382
37 205
7 430
91 163
51 260
1 22
71 89
96 579
71 226
13 987
12 497
43 366
70 929
85 882
37 903
56 998
81 910
52 537
40 241
64 833
22 545
98 434
7 210
68 877
92 220
2 819
33 814
90 567
26 872
44 162
95 475
86 654
36 137
11 522
31 447
82 965
20 876
40 446
88 164
11 59
18 970
90 991
26 776
91 534
45 769
39 77
69 213
10 705
64 606
45 215
24 968
44 362
32 681
85 518
90 484
32 530
25 711
74 81
37 449
11 306
82 112
25 33
47 429
74 216
85 981
78 776
56 954
91 244
39 722
43 478
5 668
74 693
65 806
58 300
46 392
52 71
29 255
4 751
72 128
65 402
85 319
91 672
75 637
2 92
46 473
21 994
16 295
7 160
71 535
48 905
72 450
58 283
62 469
42 580
89 405
67 477
1 598
1 476
90 477
28 537
96 534
72 307
46 438
60 219
71 778
30 518
67 964
28 336
89 682
21 918
59 577
19 598
81 921
78 335
66 222
32 474
8 632
81 498
91 929
84 896
0 125
94 339
56 88
2 571
56 213
45 263
88 251
31 658
79 45
74 501
28 645
0 742
100 412
54 487
80 414
100 686
6 32
75 141
63 476
2 323
78 37
50 223
66 324
36 228
70 650
52 797
60 804
92 120
8 177
15 770
82 508
13 765
97 872
1 536
74 64
78 345
18 253
76 181
58 714
97 614
0 538
62 624
47 515
89 126
53 620
96 943
42 168
71 40
33 879
92 241
31 814
90 654
64 882
87 420
16 831
27 330
77 171
3 219
89 620
31 219
89 822
85 916
35 319
72 632
87 472
26 283
92 443
12 414
39 597
73 532
81 640
28 95
16 132
66 192
87 245
41 592
8 522
94 964
92 171
59 861
79 463
61 790
58 225
14 321
47 201
49 684
47 863
10 574
74 459
32 193
59 13
52 117
84 849
97 675
32 222
69 524
8 52
58 731
92 661
53 219
72 416
77 147
43 510
13 427
41 45
99 716
67 98
83 670
10 851
99 739
6 729
85 357
2 831
26 650
83 331
37 951
91 823
21 766
84 349
86 998
90 178
29 884
1 431
4 798
92 440
68 154
64 502
81 571
35 575
8 930
52 784
73 303
49 453
82 224
40 437
4 361
82 65
4 602
84 231
17 525
83 975
50 557
57 577
91 845
91 657
66 528
36 382
37 533
97 201
19 47
59 853
72 272
95 303
39 880
22 744
45 78
90 410
95 359
54 547
16 801
3 635
25 769
44 246
4 106
38 881
74 596
73 167
2 486
52 146
52 565
56 702
71 425
99 889
54 343
23 758
86 268
32 456
27 289
72 259
32 694
29 429
86 73
44 771
81 434
16 500
52 610
53 397
12 942
33 677
5 130
49 113
51 77
86 725
5 562
88 852
33 437
60 707
45 990
22 548
59 288
15 872
41 11
82 874
47 5
83 961
39 917
17 742
24 206
25 170
43 638
62 951
3 688
45 964
35 962
73 668
17 156
27 742
24 135
57 734
77 204
44 52
39 473
74 590
96 163
19 176
98 934
24 298
93 737
81 839
83 708
32 324
4 887
41 929
85 186
22 68
73 64
80 923
80 672
20 365
14 605
60 312
3 440
61 603
52 612
10 628
65 256
71 205
95 739
53 695
79 414
65 994
75 850
33 457
25 227
76 263
23 453
77 745
13 196
18 388
12 548
90 283
93 477
85 79
62 238
24 637
84 703
31 915
51 501
98 405
47 692
45 303
55 43
78 560
87 401
43 938
61 722
68 146
81 341
73 681
75 589
10 331
27 508
26 255
22 696
78 437
3 664
21 256
90 710
9 499
85 505
54 556
25 311
28 213
48 130
94 825
61 463
92 950
94 334
71 202
51 583
26 141
60 372
85 658
11 466
84 692
50 121
59 838
45 908
96 608
34 230
5 24
70 743
39 318
4 845
86 228
55 990
20 705
2 624
72 591
83 62
19 929
25 379
38 134
73 836
100 637
99 601
26 142
67 782
49 921
71 958
95 829
77 476
31 498
91 533
38 369
24 454
2 385
60 570
28 820
29 895
81 470
31 571
46 532
42 874
99 629
10 750
37 521
88 548
96 281
17 847
39 389
41 538
57 631
81 501
26 292
76 561
0 460
29 249
99 42
10 48
56 237
28 818
9 847
11 182
0 472
12 95
43 275
61 686
41 418
18 349
15 236
30 44
1 559
66 379
20 603
45 281
71 929
80 653
68 106
57 89
57 877
65 440
24 939
11 2
96 96
6 392
67 96
77 29
20 693
34 10
77 373
1 15
74 749
10 57
24 888
1 131
57 429
55 617
12 580
17 5
38 202
3 691
38 603
71 878
59 595
58 300
20 800
1 638
29 457
70 143
40 800
35 697
27 512
98 407
54 627
46 216
71 658
37 204
3 982
52 685
13 240
55 980
19 616
82 5
74 143
42 656
45 742
73 591
33 103
24 755
83 591
3 360
87 46
16 934
94 274
69 754
61 670
90 616
57 50
6 715
0 83
58 385
29 104
1 87
62 632
88 855
17 211
64 841
57 808
97 988
99 15
87 332
13 376
30 355
63 883
5 772
5 475
54 755
26 568
30 197
95 123
2 64
66 779
16 62
24 833
23 45
11 29
49 401
64 977
35 709
23 652
38 185
44 844
57 969
42 98
84 608
36 788
30 522
96 78
75 107
35 875
5 630
95 632
71 414
30 742
0 969
54 919
73 168
97 696
28 864
86 893
98 746
86 224
10 469
87 714
22 59
58 871
83 629
44 222
25 973
34 603
79 592
45 3
94 614
11 606
90 322
65 493
5 977
7 425
42 516
80 251
11 677
89 618
45 447
97 898
21 208
53 877
16 284
72 307
78 415
85 861
53 596
64 876
81 138
17 771
75 790
14 603
20 192
13 571
73 652
22 839
81 195
71 273
94 915
99 932
49 142
51 875
24 508
6 630
38 276
52 564
32 312
93 382
83 44
0 102
94 326
4 247
40 685
36 156
51 132
18 795
66 103
9 452
97 725
36 307
48 643
32 762
1 684
29 17
16 144
53 978
82 716
87 291
17 694
39 812
63 956
11 837
46 74
100 787
26 483
96 749
19 960
13 917
60 811
40 698
7 607
42 86
62 317
69 219
43 387
57 119
9 712
74 493
45 248
7 259
2 863
43 817
61 157
42 296
32 707
0 163
55 758
45 238
90 525
67 302
73 461
96 676
4 97
17 14
18 79
32 109
65 43
84 663
19 639
80 31
33 958
88 382
97 862
7 634
84 308
86 41
77 757
38 672
22 854
54 883
2 439
7 234
97 519
4 195
44 481
34 639
71 517
50 877
12 449
9 395
52 210
15 754
51 856
49 957
15 356
42 394
6 932
17 449
18 884
13 612
19 500
96 561
13 652
39 926
24 466
13 504
84 614
20 251
58 71
100 559
39 22
69 76
48 899
14 697
10 572
16 868
89 984
32 891
60 200
51 96
19 327
15 126
37 477
6 897
88 399
57 374
100 642
20 273
30 829
86 840
44 328
37 940
32 159
50 849
6 105
7 717
57 655
52 291
96 859
57 283
89 301
52 951
46 48
90 556
68 479
100 600
25 265
98 94
33 727
23 47
49 149
80 398
7 808
82 211
1 661
36 350
88 451
40 491
9 707
22 315
0 546
4 887
63 70
40 355
9 330
29 548
31 689
51 777
13 86
41 224
32 356
59 470
85 991
42 856
36 395
27 433
27 669
56 262
72 741
90 34
82 82
16 742
33 184
52 513
52 999
20 59
12 996
93 363
45 4
29 293
50 462
82 81
82 488
5 623
0 907
74 202
52 569
24 206
82 141
82 760
3 258
30 632
70 996
68 981
49 314
10 445
37 364
54 188
57 587
12 106
32 508
23 215
48 847
59 441
64 964
46 486
29 581
7 717
25 82
71 821
4 417
16 607
75 659
24 972
27 223
57 920
67 59
24 454
53 384
33 537
89 836
60 156
60 830
80 8
91 89
92 882
42 79
59 464
15 950
35 670
23 188
16 983
95 180
26 58
92 655
14 511
24 43
32 786
83 869
56 594
65 892
46 709
5 213
88 624
88 208
86 547
57 155
33 546
86 61
44 455
85 333
77 560
32 244
97 620
79 770
83 949
13 263
27 608
9 730
30 82
40 717
31 889
55 329
99 311
70 266
87 828
38 304
16 214
77 611
33 985
31 73
27 470
32 759
12 909
50 750
8 964
28 861
90 738
69 589
72 106
24 134
18 915
26 394
67 720
57 477
95 171
48 1
11 680
65 566
82 227
80 335
68 309
64 865
22 427
63 760
49 679
17 378
32 946
35 165
87 918
63 957
77 287
6 773
62 21
48 182
59 673
76 19
35 554
27 263
73 575
40 664
76 636
52 810
11 440
93 653
25 568
88 535
79 935
66 22
3 63
21 415
40 173
44 544
72 50
14 224
65 30
47 69
53 772
47 555
96 675
22 301
13 88
31 4
28 267
41 649
51 293
15 971
24 619
43 383
33 750
12 961
48 724
68 949
87 5
45 311
40 478
77 825
63 285
11 526
97 932
18 227
88 61
7 597
23 248
73 693
87 316
99 525
28 812
1 746
48 911
48 145
60 437
33 346
63 357
22 308
14 128
8 543
34 431
12 620
96 262
31 361
3 9
100 807
61 744
72 111
62 717
5 434
26 900
95 994
44 422
21 190
14 815
4 114
46 534
1 999
15 151
58 958
68 276
