1300
68 593
29 726
50 812
63 206
51 115
30 26
71 138
46 30
91 133
59 483
83 958
31 816
97 934
53 782
16 968
99 390
41 205
13 156
16 261
42 798
40 19
66 178
87 608
45 618
88 420
63 604
90 829
73 171
24 260
82 815
88 203
54 488
48 447
91 379
58 35
4 638
76 343
34 943
81 31
43 682
75 877
70 446
23 725
69 448
87 330
98 726
92 902
75 665
78 482
70 648
37 402
69 660
89 794
91 428
56 944
30 467
10 201
48 420
0 958
94 653
17 73
37 409
75 269
16 139
54 601
22 526
18 389
35 3
75 733
95 314
93 432
39 955
44 806
57 773
77 798
93 794
90 548
14 333
30 479
59 128
39 749
40 681
12 46
5 15
24 441
39 123
53 80
28 70
34 432
90 60
42 810
49 821
98 730
3 70
67 787
52 792
16 790
89 354
100 711
63 249
52 326
67 479
46 490
82 209
5 8
1 211
11 576
2 155
43 723
26 32
5 675
58 761
22 451
99 627
20 950
73 730
6 452
10 315
96 821
52 974
47 855
82 725
50 969
62 427
70 550
82 206
73 917
7 874
59 379
16 420
71 675
43 955
34 272
19 405
28 191
63 437
74 945
23 676
19 884
17 469
8 359
89 150
39 568
72 911
20 610
82 226
53 500
23 95
43 425
8 890
71 334
51 882
4 907
54 243
70 445
18 324
62 219
40 796
1 184
65 388
69 100
24 381
69 118
85 799
83 879
8 958
80 417
88 528
13 968
61 180
69 858
36 507
67 591
93 379
47 868
96 765
73 935
21 320
46 454
45 712
36 585
88 900
98 689
50 336
81 331
11 79
82 822
71 736
10 324
22 981
47 749
73 501
56 586
41 57
49 247
29 627
25 558
58 108
86 155
37 472
68 270
32 372
51 323
33 940
91 924
82 780
50 447
87 202
58 712
11 177
24 466
92 606
36 528
82 760
62 582
30 44
1 35
85 64
45 108
63 516
43 551
98 270
30 136
55 478
21 833
85 107
5 897
41 385
65 88
67 927
44 288
25 631
60 944
78 266
35 945
8 69
52 758
47 782
21 14
51 409
32 387
70 376
89 555
96 172
16 483
59 992
69 83
30 284
42 291
67 398
38 889
3 149
67 220
54 13
3 772
17 486
62 942
26 87
82 8
76 385
88 882
60 913
29 66
79 996
88 708
58 246
100 19
37 38
78 65
90 975
70 650
35 469
72 245
46 184
9 583
97 174
13 309
10 749
18 95
30 496
58 742
44 911
65 909
24 492
52 282
73 248
29 651
85 793
36 911
85 920
84 154
86 840
52 982
37 402
92 844
56 456
18 125
69 591
27 210
62 678
96 514
100 787
37 327
88 628
77 469
15 444
32 97
39 476
43 235
90 80
17 215
55 753
93 925
22 65
49 280
46 765
48 794
85 587
5 462
62 561
97 106
88 159
54 805
25 61
30 800
79 364
7 401
95 738
52 919
28 948
52 816
58 128
21 76
20 279
62 389
67 441
79 872
72 895
38 223
78 104
56 590
89 405
49 614
55 231
46 482
74 694
3 484
0 86
27 706
59 539
93 467
73 796
88 261
99 995
87 531
2 261
25 381
28 665
28 356
99 732
8 175
77 332
87 765
79 428
94 418
44 145
43 812
66 889
79 635
90 909
62 718
87 190
11 868
19 977
92 622
100 474
50 686
49 996
98 368
95 415
38 339
53 718
2 826
67 926
76 5
57 452
38 537
16 754
79 136
65 9
86 695
4 164
33 355
18 391
80 87
47 513
16 779
70 712
77 672
0 319
53 308
62 223
40 233
19 494
61 928
70 479
73 145
25 186
73 179
90 65
89 944
17 132
8 644
22 897
41 63
26 954
50 337
69 454
1 133
32 219
39 109
33 734
17 301
15 660
47 547
62 139
42 980
1 420
86 28
31 406
4 209
5 184
57 810
64 948
63 792
7 412
19 469
54 697
56 514
13 913
45 500
34 838
14 793
77 462
88 677
67 953
3 604
97 45
76 93
63 85
77 51
35 766
44 448
12 336
12 160
12 476
94 208
56 224
23 472
33 555
4 465
88 554
78 767
98 569
12 952
46 821
55 515
61 706
81 615
4 518
83 900
58 91
67 25
67 673
62 396
16 994
48 654
100 866
67 974
5 733
41 801
0 741
55 336
2 339
88 194
4 154
66 420
11 972
8 165
54 661
79 229
70 485
68 430
14 850
26 791
70 453
30 182
70 212
6 426
100 241
5 330
90 258
17 898
72 533
84 27
95 506
26 396
90 211
37 366
78 43
71 803
12 386
13 295
22 974
97 721
20 990
8 26
31 155
52 66
38 403
65 138
15 97
13 78
0 352
80 692
26 88
15 887
79 656
75 522
41 599
56 177
89 309
99 209
0 805
44 414
4 413
48 679
91 166
52 745
39 236
86 28
0 465
34 411
30 67
79 841
34 974
34 513
10 926
12 459
94 943
24 718
7 130
54 219
83 548
83 153
67 458
36 652
44 228
17 767
63 159
14 415
22 86
36 260
3 509
65 745
35 943
26 514
24 803
95 988
3 385
76 819
74 289
84 963
81 272
55 163
76 677
5 801
20 766
27 182
13 464
24 431
71 484
56 891
0 146
63 601
71 660
78 15
46 473
40 283
81 330
97 38
93 310
14 678
77 679
28 329
99 135
11 798
97 89
62 163
82 615
32 596
77 461
88 834
24 960
16 856
75 975
50 381
63 218
82 646
88 804
67 37
40 77
7 724
52 382
56 938
65 339
13 636
20 449
24 594
35 435
30 251
72 87
83 410
5 297
29 226
9 484
80 139
3 315
52 65
84 31
2 634
46 922
97 776
47 123
36 167
56 999
78 25
84 185
62 692
7 856
72 271
76 376
10 282
43 816
31 748
28 340
86 639
50 436
50 519
50 561
0 185
10 15
24 796
15 827
28 491
14 468
93 610
26 240
58 609
17 548
70 408
0 921
89 891
10 163
39 700
0 204
10 301
0 261
38 161
18 413
66 624
22 121
66 408
91 408
37 18
88 891
14 282
31 489
11 84
2 326
50 339
42 277
90 455
13 251
2 316
48 711
75 461
14 540
3 11
46 54
66 965
85 227
49 53
44 807
40 734
100 619
51 111
43 637
91 82
79 969
47 847
82 800
57 865
12 917
86 424
17 454
18 923
61 880
82 268
53 268
49 52
60 473
0 819
72 716
69 434
21 77
27 787
70 330
74 457
6 860
84 244
19 931
72 125
44 115
14 863
63 578
43 600
51 259
41 182
47 783
36 256
21 975
90 33
40 325
100 412
58 508
63 51
17 173
76 830
83 465
84 957
83 544
53 899
25 293
37 784
77 419
64 316
88 267
93 873
70 114
11 661
40 881
43 490
20 712
80 847
42 607
51 798
12 285
2 555
91 362
89 655
19 574
26 671
38 502
1 512
83 132
90 688
8 796
64 656
75 384
36 947
97 223
59 287
99 21
98 138
37 988
90 955
77 772
10 399
76 492
3 814
50 388
84 944
75 951
61 33
87 400
56 252
18 200
41 719
81 79
18 34
11 633
1 967
89 373
63 72
15 934
67 765
33 465
46 956
89 312
78 500
96 11
66 110
21 367
13 39
1 831
33 123
98 707
36 894
54 52
76 81
40 789
97 744
44 580
89 15
59 787
80 322
47 840
49 893
4 289
56 854
82 748
97 103
38 351
71 861
6 849
70 308
62 226
79 581
82 465
23 904
60 223
26 686
65 346
93 995
89 209
15 891
15 411
36 636
44 179
77 588
26 379
9 925
58 92
34 433
52 751
21 955
95 206
88 905
43 299
40 628
67 371
46 534
61 708
80 198
8 485
49 244
44 362
63 123
21 234
66 913
51 377
25 527
33 795
41 946
100 309
95 703
31 696
85 353
39 364
14 764
37 30
77 861
91 296
11 858
70 176
10 753
66 124
68 1
75 457
29 698
1 354
17 477
69 105
15 516
17 478
30 120
4 315
72 389
21 846
8 366
47 444
76 79
30 344
7 516
71 664
90 174
73 723
29 439
80 671
47 105
54 925
86 287
0 516
37 171
51 452
40 913
52 977
74 204
27 230
37 232
15 92
37 781
19 275
7 96
32 726
13 130
99 478
33 570
6 546
47 939
99 397
21 783
24 711
39 34
43 345
32 867
55 628
14 576
3 980
32 511
9 815
51 191
3 693
3 561
6 997
22 344
16 331
54 19
60 265
74 926
86 28
14 624
7 359
11 807
68 904
56 239
76 891
12 605
59 492
8 347
96 722
9 430
94 479
69 220
77 255
90 96
80 522
51 2
18 585
27 311
17 164
18 123
8 441
37 20
68 373
41 834
23 727
89 366
35 110
43 474
11 978
16 684
84 580
95 519
11 74
27 588
45 243
31 295
54 362
50 536
45 673
85 153
66 17
69 506
24 659
67 159
22 461
12 953
63 119
85 715
58 805
72 583
35 936
22 379
40 25
9 374
91 568
51 255
10 804
46 63
4 806
77 941
50 151
84 85
57 841
20 891
64 221
86 573
65 137
94 286
53 6
99 414
69 71
39 54
87 506
1 173
97 133
37 978
37 21
58 923
82 280
16 634
7 451
59 21
27 585
45 953
4 617
95 928
50 509
7 546
63 748
50 627
41 799
2 717
7 458
47 429
17 344
44 819
34 619
76 46
37 589
10 335
72 113
97 838
8 840
43 956
7 628
75 605
97 265
85 892
98 319
97 960
3 248
78 815
62 527
32 626
69 299
35 681
64 692
98 460
50 800
20 590
26 184
66 413
85 104
21 731
26 670
91 55
87 312
51 542
17 982
84 188
78 705
28 994
99 285
15 767
30 498
73 454
40 927
22 809
17 988
43 13
24 311
78 382
31 165
10 151
56 463
58 760
32 634
95 34
63 298
2 383
10 880
5 637
38 574
94 880
53 635
36 279
37 722
17 998
78 541
49 874
14 925
0 550
82 224
15 854
28 813
49 328
83 729
13 719
35 579
98 427
87 131
59 88
92 116
30 878
31 11
75 170
29 525
68 158
78 247
14 54
21 383
13 6
34 878
62 570
59 72
99 114
30 140
16 26
27 917
79 126
12 725
11 54
19 633
24 577
22 520
75 468
95 562
58 483
65 53
29 817
62 657
90 997
71 426
70 965
66 221
2 766
93 930
83 296
72 350
85 186
48 961
96 477
25 52
13 211
100 500
30 375
12 406
82 312
90 534
41 535
85 396
22 210
61 187
60 426
45 723
32 554
96 64
32 960
50 294
91 829
65 624
4 182
13 336
97 160
83 172
20 123
33 216
9 264
83 428
40 525
22 736
41 107
93 431
30 609
97 725
51 571
95 612
95 936
71 199
20 562
71 830
91 202
96 461
0 121
0 624
67 699
43 378
23 929
74 231
77 349
83 668
21 593
53 490
2 884
14 691
65 191
31 98
48 942
59 587
13 162
4 119
42 545
73 580
59 757
6 214
33 921
20 978
67 969
55 918
87 503
2 710
45 851
35 410
45 327
91 785
60 362
31 831
84 480
58 214
32 985
8 495
90 26
90 183
88 634
62 69
66 89
59 630
48 997
44 771
53 370
74 452
30 412
68 513
66 884
3 152
83 397
41 498
83 719
74 21
8 447
83 754
14 695
23 296
92 475
79 556
30 103
13 667
96 334
89 764
9 216
39 682
0 168
16 225
62 11
47 703
3 917
60 619
56 396
16 228
79 318
28 919
61 52
44 505
7 334
18 752
51 433
20 352
9 394
36 309
36 473
43 171
59 947
43 620
97 762
72 951
46 420
7 648
79 561
97 250
11 274
28 486
40 513
2 129
18 29
50 428
17 428
20 785
