1100
95 218
50 985
57 25
31 720
20 825
15 283
10 61
21 832
58 260
23 308
54 896
29 69
84 768
35 892
37 659
64 979
49 765
95 555
46 969
6 501
30 91
63 143
35 934
33 410
72 180
90 385
0 29
72 270
86 635
31 655
95 956
57 320
33 702
76 44
58 288
43 613
38 501
56 778
38 259
93 354
18 361
43 993
60 264
42 896
41 145
56 548
67 208
25 379
81 856
9 991
32 611
65 650
65 262
87 660
25 138
14 695
34 901
49 930
31 947
92 925
56 615
43 879
44 603
80 0
47 63
20 187
2 943
65 709
31 860
99 666
68 579
16 557
72 113
95 454
20 477
76 633
67 168
64 413
95 708
92 797
95 118
61 828
33 138
71 716
17 525
78 394
87 442
9 99
68 797
7 433
13 168
63 597
52 880
14 56
91 673
19 207
50 86
65 510
30 701
70 425
86 708
74 114
53 229
61 781
90 760
27 986
88 444
14 689
89 838
60 172
28 295
85 236
3 254
88 556
43 714
96 96
86 339
36 757
56 766
99 356
100 293
28 106
55 581
95 613
83 613
0 262
66 751
65 657
67 184
70 952
2 909
98 345
51 159
93 452
39 784
84 676
6 438
0 514
21 234
12 105
39 258
64 82
27 800
18 600
11 127
16 353
32 866
59 558
31 63
68 995
33 604
95 92
88 714
24 326
83 174
36 729
79 102
32 733
84 850
86 437
67 139
17 611
47 279
22 418
85 491
99 110
94 187
97 317
93 655
96 596
16 550
40 554
47 430
52 301
44 625
72 161
32 702
27 975
53 226
33 703
20 362
87 723
82 348
74 301
13 11
0 569
46 834
86 271
50 799
66 543
20 291
70 268
76 101
55 423
81 159
41 223
81 612
89 154
94 279
56 619
27 284
85 159
33 668
51 813
46 722
1 145
93 69
3 85
69 843
5 805
77 855
39 826
15 860
12 189
16 23
64 347
24 982
85 946
30 548
3 466
69 724
20 931
88 88
44 972
7 383
22 960
43 261
27 447
39 535
7 279
62 3
31 657
38 833
50 232
68 554
16 554
64 605
56 977
26 801
79 380
91 251
87 127
98 649
4 795
70 752
88 540
58 491
42 224
44 578
24 197
84 939
76 698
46 592
7 234
64 829
41 267
42 133
79 215
39 931
77 405
9 903
8 284
88 669
80 346
60 175
6 741
93 13
3 819
33 449
69 113
3 118
68 948
45 524
86 62
45 873
36 376
60 600
91 756
6 304
78 560
32 123
46 434
47 996
78 664
12 426
1 426
16 259
42 240
96 134
50 230
53 617
51 311
93 729
81 130
82 14
13 497
63 347
92 509
90 219
26 281
84 254
95 445
33 426
94 323
2 158
52 892
68 688
20 437
38 396
63 985
41 61
93 85
13 44
99 133
13 869
92 486
18 411
59 110
66 968
25 612
47 801
97 472
0 929
3 482
96 187
33 353
34 85
45 288
26 693
22 933
32 242
95 452
46 124
44 762
16 287
14 145
66 752
58 3
84 624
5 7
23 703
25 206
60 50
57 161
91 192
9 670
68 17
25 387
9 100
12 731
24 700
14 468
55 180
45 509
11 846
50 603
49 23
98 177
55 90
88 796
78 720
78 570
60 253
80 534
7 60
4 219
20 369
65 686
92 5
95 413
99 579
92 956
70 981
33 567
43 398
61 314
46 728
26 522
58 593
31 962
24 678
1 155
26 309
56 999
56 157
11 72
0 920
45 519
28 148
41 137
90 603
42 670
96 830
76 347
45 324
36 38
43 167
96 604
44 443
90 376
41 48
79 773
73 345
73 47
95 322
52 50
91 128
61 377
82 974
32 799
26 585
72 697
6 431
17 91
25 543
62 821
9 43
21 732
52 656
50 650
8 573
37 931
93 568
33 986
6 531
10 559
70 893
91 904
83 180
63 73
56 704
25 693
82 580
60 835
69 558
45 680
53 189
36 536
79 368
49 873
66 886
19 242
66 614
32 453
53 811
12 408
57 723
22 388
95 254
80 424
28 873
15 578
53 942
54 619
10 825
61 922
46 167
83 130
8 762
97 907
58 733
14 150
100 188
71 334
6 200
7 249
46 8
4 88
77 144
50 537
53 142
24 901
15 521
15 699
59 934
74 187
50 102
9 284
77 863
63 523
26 305
67 249
68 282
17 251
5 797
79 901
53 582
95 289
29 40
45 355
98 371
25 720
9 296
94 991
42 828
64 39
41 405
60 34
68 861
35 671
4 913
93 932
3 312
34 455
98 570
24 173
13 166
94 759
6 228
16 853
73 548
29 209
85 613
1 408
20 495
38 251
28 252
66 574
66 884
92 3
3 494
43 159
56 525
88 120
47 505
23 647
83 393
61 714
75 261
88 577
94 112
57 193
13 322
42 705
17 431
35 163
15 620
16 513
56 34
54 656
97 741
11 821
46 527
20 270
29 223
52 471
80 225
9 998
53 850
46 601
3 204
76 139
70 299
27 102
78 661
54 44
79 830
90 11
46 816
86 893
92 531
41 894
31 457
42 522
56 835
40 736
74 362
18 757
50 97
97 724
36 691
96 736
30 87
48 528
29 651
53 424
51 287
80 638
9 552
25 601
43 233
42 779
12 118
37 611
77 330
58 845
81 585
78 5
57 639
1 872
20 130
94 477
25 282
77 635
96 630
55 425
51 277
64 537
84 864
41 126
61 324
36 387
96 123
25 959
36 558
2 948
34 404
25 758
99 850
65 9
92 190
5 217
86 416
29 541
2 570
55 494
39 358
71 680
1 999
44 941
92 669
59 383
26 269
66 740
58 10
2 819
37 320
23 32
9 110
100 990
58 592
94 738
61 991
39 509
26 219
39 182
69 71
29 683
39 637
40 726
62 62
70 787
32 750
45 957
100 305
17 216
6 397
75 704
48 994
84 799
59 442
92 891
90 554
27 70
10 532
15 318
24 50
32 832
86 795
10 110
48 428
38 811
66 306
76 483
21 154
32 935
12 436
56 896
15 445
62 441
55 833
66 681
44 236
77 539
69 680
62 238
60 650
96 499
48 280
77 50
17 6
34 231
3 353
6 265
93 764
95 618
38 322
9 12
64 632
59 426
33 950
46 57
66 424
7 675
71 133
93 357
54 36
64 671
60 191
4 691
26 335
98 827
15 107
37 75
39 257
31 469
65 325
53 380
87 889
73 926
17 794
51 448
39 271
23 166
40 802
85 104
78 935
82 284
10 939
17 196
54 353
55 517
54 580
92 844
38 193
43 300
75 834
42 194
63 428
5 563
97 944
59 793
34 822
69 813
19 680
77 734
48 170
30 409
59 399
48 859
22 237
81 456
68 411
33 237
28 29
3 635
62 226
11 817
86 270
76 225
50 313
4 406
77 180
12 858
98 581
78 397
16 931
44 568
55 62
61 783
41 286
61 89
73 109
3 324
47 562
74 738
58 667
77 905
65 127
64 563
56 512
30 728
19 136
30 154
45 706
12 333
76 686
33 828
44 166
25 708
36 671
43 494
46 216
88 279
81 977
2 99
81 219
67 687
78 730
16 989
68 579
18 956
22 934
57 889
28 146
57 980
96 108
2 574
86 551
62 143
33 439
27 765
97 112
30 672
63 597
7 452
60 358
69 281
39 481
50 36
69 325
69 186
71 606
26 983
64 846
87 616
33 974
62 259
66 921
89 377
18 314
74 179
36 776
47 238
44 794
42 173
56 943
3 145
77 644
96 661
36 920
64 171
48 256
68 479
85 282
89 535
74 999
24 679
2 207
93 790
23 554
14 925
64 771
38 294
54 447
91 478
61 971
17 55
27 239
75 723
12 951
48 968
57 985
36 653
58 146
5 463
10 456
0 319
98 487
6 47
33 988
86 972
65 784
53 74
67 94
25 12
60 263
78 3
38 619
11 736
39 197
19 876
30 412
18 314
57 413
5 439
83 192
80 136
47 523
58 867
89 269
66 508
71 204
32 327
60 465
91 22
13 82
84 154
0 345
67 802
45 929
18 11
17 529
84 109
63 732
75 838
26 900
2 831
84 872
39 658
65 366
36 481
2 166
38 248
7 664
67 603
32 321
79 663
77 948
3 482
68 804
53 955
19 663
18 266
13 478
4 749
34 850
69 803
59 873
38 675
6 785
24 733
83 729
89 794
60 350
10 782
71 246
41 752
29 188
82 768
97 351
3 182
96 988
73 81
16 795
29 718
69 344
10 612
18 933
31 637
79 447
60 199
1 213
95 589
78 385
26 750
48 933
92 838
89 333
72 608
58 379
60 755
66 728
78 589
16 37
59 986
14 372
19 593
37 443
56 67
11 376
23 26
46 781
52 895
38 657
88 602
58 922
39 198
51 65
6 740
29 53
72 404
6 61
60 282
36 53
85 674
23 34
2 609
90 568
59 358
99 8
6 686
69 627
63 22
80 970
99 10
31 844
3 548
66 145
100 516
61 542
30 871
31 243
98 175
28 611
74 6
79 387
12 473
94 756
91 502
22 331
38 809
75 384
16 372
3 527
47 681
96 256
1 479
69 106
99 862
89 812
78 709
62 71
85 447
69 742
81 472
75 729
34 209
18 769
6 866
69 592
36 889
74 923
54 351
25 206
77 681
48 452
51 837
26 556
57 23
69 606
86 806
77 17
77 215
1 467
29 847
45 210
85 654
22 119
2 907
18 671
28 895
18 928
68 388
53 615
72 344
58 12
70 466
53 799
68 295
64 803
30 901
98 263
76 421
90 539
96 862
9 311
30 377
46 15
59 333
35 708
10 951
95 947
48 923
27 159
3 48
17 740
27 973
61 850
18 358
85 783
10 495
86 221
85 725
71 77
1 266
25 836
22 51
15 302
22 0
96 400
92 10
74 95
15 509
15 345
59 244
85 772
59 120
50 709
19 201
26 384
35 814
44 219
82 787
4 823
68 295
10 101
34 439
26 270
63 790
