1000
88 195
93 1
86 366
76 690
87 300
9 318
64 921
30 318
32 133
99 506
34 538
100 11
69 590
79 822
73 248
46 729
15 551
74 775
56 593
30 215
49 891
28 466
42 96
94 659
64 280
88 23
49 430
85 962
48 111
81 858
47 8
30 718
41 424
89 809
79 927
23 470
80 336
59 536
17 738
51 668
64 690
49 429
97 720
96 774
70 73
31 915
9 494
99 681
71 710
33 706
63 874
69 58
75 190
60 465
16 939
24 476
3 228
95 651
32 600
48 298
75 163
92 567
25 850
75 101
22 303
89 720
52 515
63 73
74 478
37 50
86 900
22 184
35 27
70 6
1 305
4 142
84 478
58 837
94 327
70 279
73 781
54 232
80 507
46 371
11 697
78 276
62 658
29 971
39 161
33 205
85 175
42 200
77 383
95 403
89 488
68 8
34 449
70 281
86 872
75 358
21 754
37 456
15 90
28 37
51 116
3 614
22 124
85 125
56 657
16 806
49 730
9 844
34 296
10 823
56 415
51 464
21 826
31 149
80 119
62 553
32 174
68 249
89 906
69 595
96 75
16 768
74 87
95 622
69 45
88 676
68 838
49 876
98 27
31 982
19 565
32 30
26 501
94 525
64 111
3 573
95 96
69 140
66 107
25 739
59 892
82 844
33 889
43 804
49 685
58 26
49 292
98 211
20 525
42 770
19 173
88 781
8 910
29 163
49 974
63 814
41 708
63 719
36 682
10 748
57 591
57 220
30 5
77 862
52 620
97 911
13 362
77 229
30 651
88 263
10 441
82 20
74 100
43 557
73 115
0 965
14 220
8 685
15 514
88 563
4 101
35 325
58 523
99 422
12 189
15 726
81 840
2 292
88 887
52 61
65 247
62 733
43 45
30 667
61 934
67 863
99 18
0 781
65 76
84 679
86 807
65 759
85 606
75 849
82 822
17 63
59 387
94 886
61 481
21 803
57 752
7 859
24 366
32 905
81 73
6 814
84 53
80 960
81 12
79 402
24 666
88 48
47 272
16 748
40 416
2 386
100 766
46 939
71 137
4 776
1 349
70 930
34 154
85 580
43 378
23 484
8 853
50 362
41 891
1 404
51 944
45 895
18 874
51 982
25 473
13 332
70 103
22 887
64 807
72 1000
84 655
64 117
43 26
13 65
14 864
32 19
93 99
89 401
60 287
33 157
84 783
52 169
19 379
72 832
41 179
84 781
1 369
68 350
59 565
94 817
60 652
39 990
86 656
64 635
36 583
7 919
58 150
79 801
87 525
83 937
87 383
41 614
90 357
66 516
59 789
17 193
61 290
79 467
54 592
26 511
75 651
58 216
28 132
43 868
2 998
36 129
94 736
47 313
57 89
85 709
57 490
49 427
35 123
41 686
15 94
82 69
97 482
15 552
13 21
35 666
85 825
12 628
93 556
38 409
33 814
71 574
52 933
88 613
4 130
44 846
0 554
89 740
69 908
82 921
31 523
22 145
58 404
98 407
58 311
22 498
68 414
70 249
8 57
70 293
37 597
8 962
97 571
25 609
37 804
62 132
84 78
41 383
24 178
47 258
1 997
11 154
72 820
88 633
50 542
13 609
38 386
68 809
85 217
25 417
64 944
4 967
41 601
89 643
1 694
61 673
6 758
83 285
45 590
86 968
82 270
58 414
29 730
90 654
48 769
56 32
1 884
88 279
30 946
17 44
45 336
55 491
24 742
54 984
39 333
89 668
78 333
94 629
94 431
83 848
95 976
38 506
84 812
33 157
16 439
30 634
54 65
3 777
19 299
78 732
35 758
30 22
82 28
22 154
94 607
87 704
1 530
1 16
13 694
22 507
78 616
51 107
65 681
84 888
25 727
28 402
35 415
95 21
5 391
50 221
65 475
70 617
72 859
81 132
62 662
51 193
61 214
0 24
74 350
28 198
14 790
77 789
4 163
21 471
90 866
7 511
51 622
91 947
77 801
22 341
72 97
18 169
84 712
21 395
68 21
90 112
58 725
15 811
96 494
22 405
27 166
50 568
26 152
20 136
59 729
22 258
67 280
80 611
45 999
92 825
81 748
60 51
11 979
88 777
55 947
56 941
53 946
68 853
72 331
2 589
73 160
45 417
58 801
50 517
88 228
71 632
84 212
64 462
42 672
90 181
76 897
94 424
100 537
1 218
15 204
70 530
55 350
46 744
77 85
3 375
4 968
55 203
92 617
12 79
100 192
24 381
41 89
9 224
98 272
2 910
18 922
14 939
55 289
18 288
73 139
71 698
48 787
21 642
83 532
33 867
33 340
76 917
54 580
81 526
17 690
73 90
61 472
54 819
92 381
36 552
1 597
86 21
80 931
82 908
68 630
10 868
30 181
49 453
22 998
9 480
27 8
80 314
89 684
41 463
8 766
39 367
81 612
53 434
90 380
73 883
52 893
88 357
93 665
90 784
87 75
48 318
95 710
29 261
61 224
98 657
20 54
17 544
46 233
68 251
93 326
68 105
84 144
54 160
47 535
78 149
8 652
45 500
69 689
75 799
74 807
4 737
10 801
99 697
41 555
51 608
29 634
34 710
63 45
84 863
77 684
16 389
8 607
69 774
68 577
38 650
29 39
1 534
75 29
76 682
9 778
14 130
83 435
62 808
90 95
82 336
3 741
59 55
1 928
100 912
25 948
65 729
16 579
75 699
47 974
80 688
76 939
39 735
90 804
19 579
0 636
70 946
61 804
26 767
33 970
8 973
97 375
64 806
76 185
36 370
64 805
91 90
80 650
53 94
86 227
15 654
69 580
82 344
99 916
20 857
56 601
92 508
66 582
40 102
79 926
88 451
84 964
44 387
42 363
11 169
89 986
36 52
37 946
13 740
44 591
91 787
25 857
95 889
29 556
62 173
15 239
47 657
50 774
36 733
27 369
60 208
73 244
63 450
74 60
48 829
85 283
11 139
31 283
76 447
51 228
9 21
43 401
45 198
18 86
19 939
50 798
57 425
51 434
85 382
3 92
51 71
88 186
38 953
54 329
38 865
24 734
10 39
90 735
15 45
56 699
50 205
28 353
64 644
92 664
57 305
32 840
81 741
93 433
4 855
81 750
13 521
7 417
61 748
17 930
95 985
15 82
9 388
14 580
14 122
91 776
44 862
81 884
7 605
4 893
38 400
42 610
22 612
75 359
63 585
82 250
32 559
58 445
59 1000
7 388
86 467
12 558
46 24
95 909
5 456
44 114
47 794
63 346
1 623
25 50
17 382
85 800
37 543
17 734
98 411
0 206
71 512
91 1
44 215
32 174
18 372
13 381
20 633
57 967
44 1
40 516
43 625
32 523
21 55
52 305
2 446
43 626
9 378
27 102
69 983
46 571
80 457
71 919
69 172
89 849
2 278
43 661
68 924
64 201
8 446
46 253
89 787
66 751
67 946
53 1
19 532
9 773
96 568
13 689
11 52
66 886
44 214
12 921
60 74
13 191
29 86
83 143
96 773
2 852
99 913
64 841
29 721
82 554
27 855
81 331
19 309
4 869
26 649
9 146
21 0
27 689
23 635
30 218
10 928
77 711
32 205
15 236
13 534
75 532
43 488
22 221
71 632
38 899
77 122
50 923
92 750
77 730
81 774
35 722
32 105
19 483
96 301
57 479
23 878
29 425
7 132
17 206
68 630
77 181
80 258
4 41
22 83
35 922
16 945
3 575
67 611
48 159
19 909
38 597
92 782
66 997
61 532
97 811
94 37
50 965
25 437
2 237
82 832
83 243
79 140
8 436
85 140
62 41
5 816
33 560
87 464
52 646
100 400
34 31
9 981
51 397
59 532
21 981
38 537
31 719
89 582
52 903
98 780
89 64
59 41
0 74
55 263
46 550
9 262
56 334
84 506
3 408
100 234
28 684
63 870
40 473
36 309
45 46
92 5
65 208
28 156
42 789
84 649
67 49
49 140
74 394
84 786
95 27
96 731
41 496
99 625
18 738
90 118
85 146
51 948
56 557
92 488
7 293
81 538
67 471
90 342
97 358
81 175
32 393
71 756
21 244
35 782
21 54
55 566
33 685
24 661
38 504
13 388
96 445
93 444
35 834
49 199
89 47
27 629
54 949
18 278
12 489
28 711
82 537
18 760
55 620
55 792
74 76
47 497
97 246
100 328
77 407
4 68
97 288
0 548
49 245
63 79
83 0
30 646
8 933
3 300
68 112
20 703
30 81
16 212
0 968
23 753
31 95
90 325
22 581
69 197
95 671
1 436
73 756
14 265
85 36
69 77
30 534
25 355
41 224
78 689
25 557
47 725
86 109
10 370
52 162
25 24
33 923
46 178
19 671
49 114
44 9
42 2
83 460
53 360
40 992
87 901
13 431
8 851
62 31
63 628
85 214
57 75
65 805
99 629
57 932
24 919
10 58
98 276
94 203
35 785
39 235
58 314
20 217
9 920
98 489
56 545
42 652
73 580
83 222
30 397
31 603
68 266
55 494
82 591
87 754
15 757
56 385
66 683
