200
44 77
89 79
7 39
38 38
13 94
66 10
21 93
25 80
24 88
93 69
56 66
83 54
11 53
0 11
59 84
77 48
38 19
5 81
47 59
100 40
29 45
85 18
33 71
75 29
32 51
70 61
72 61
34 68
80 24
26 38
23 65
85 54
49 45
45 67
92 38
8 5
20 38
97 95
93 48
64 51
66 17
53 3
32 14
76 26
83 16
71 53
17 56
32 49
95 72
25 55
50 95
33 39
80 66
0 19
87 32
77 76
31 36
39 84
86 78
51 13
98 37
52 97
56 30
78 23
74 39
36 22
34 97
67 33
61 2
46 80
46 79
97 50
20 85
42 47
76 76
15 13
42 17
60 75
70 25
58 23
36 46
58 5
84 56
40 66
54 94
38 59
30 47
60 10
93 96
8 100
23 67
5 13
24 57
62 31
45 9
79 99
18 16
74 10
51 22
52 46
86 98
32 60
10 30
56 63
56 27
28 56
100 91
39 15
88 27
41 46
71 57
96 45
98 56
83 33
32 92
26 11
61 52
84 85
17 71
25 29
38 77
83 28
9 12
3 81
67 81
84 24
75 35
53 97
28 26
62 41
20 19
68 89
45 53
96 52
50 58
7 64
3 27
55 5
97 9
64 71
33 69
23 18
85 100
12 11
13 17
58 93
42 99
51 77
72 24
42 36
67 72
36 50
82 15
3 72
4 31
13 7
51 85
94 93
44 66
80 83
47 85
11 81
2 53
41 31
78 11
21 49
51 53
70 27
76 78
61 20
35 4
70 24
19 74
35 62
8 74
52 41
60 100
62 83
70 26
19 54
81 32
44 5
32 64
92 39
44 73
20 38
76 63
86 61
28 67
31 63
49 79
98 86
19 71
12 98
34 39
88 76
89 73
38 80
22 26
67 28
