800
39 833
39 911
0 326
51 906
51 519
69 719
45 105
27 594
26 219
100 911
29 358
91 794
10 307
24 875
40 136
33 309
95 308
54 818
82 780
57 216
13 648
33 819
28 784
40 157
4 184
44 936
17 877
76 144
71 79
4 182
32 339
19 352
44 514
55 820
67 319
66 317
85 542
37 307
30 483
37 446
73 251
5 516
3 44
12 864
96 741
93 129
90 456
70 164
39 792
26 506
39 293
74 655
77 234
49 800
47 336
90 552
34 64
20 4
37 493
15 403
90 791
88 518
96 270
43 477
79 886
86 581
99 350
90 953
13 690
30 820
94 569
85 579
16 995
3 192
99 150
90 699
39 131
70 533
81 861
54 32
75 734
1 598
19 435
37 622
100 540
92 5
72 648
65 910
72 78
61 926
28 244
22 698
69 388
67 266
76 403
30 529
20 471
19 493
51 57
12 144
8 348
22 581
44 396
45 349
78 491
35 697
12 301
13 830
25 590
41 604
74 576
15 467
33 634
35 313
33 26
64 162
52 136
60 413
76 404
96 508
49 395
76 377
56 677
65 801
13 694
35 867
58 413
65 509
100 691
80 488
5 978
16 859
64 800
63 221
66 94
15 953
12 92
37 423
51 759
64 740
89 592
98 699
11 457
63 387
57 304
18 31
71 316
91 163
50 960
56 103
42 921
3 257
76 343
98 200
82 235
37 319
28 370
11 388
37 341
80 522
96 804
9 336
18 12
36 960
94 166
25 272
22 166
28 217
86 575
9 395
58 356
44 958
25 514
38 72
12 731
71 345
33 716
4 707
0 598
17 671
63 373
64 55
58 146
17 168
98 617
50 337
70 200
52 291
50 709
33 268
43 859
3 303
82 496
33 235
70 168
55 677
48 730
2 895
29 743
23 870
52 24
15 738
79 881
35 704
14 568
100 345
15 254
4 792
18 739
73 455
26 119
83 365
64 315
2 349
7 399
1 887
10 17
23 628
23 280
46 326
96 903
75 48
28 744
70 221
93 25
38 219
16 879
6 344
97 140
23 354
64 857
76 472
76 483
70 212
72 903
84 35
97 394
20 506
28 986
96 749
31 78
35 761
1 703
44 497
67 619
54 697
19 892
42 422
59 505
71 15
67 21
89 193
1 980
16 430
65 934
6 12
2 813
48 956
80 147
73 192
78 887
82 811
54 373
97 750
12 567
50 209
71 210
28 643
63 469
52 441
91 313
39 666
40 76
67 738
75 803
39 12
44 486
81 712
35 941
4 951
98 614
82 76
45 604
14 504
27 866
33 218
61 940
90 311
91 647
62 480
77 615
2 820
62 149
6 796
50 58
46 266
27 257
43 753
45 637
14 849
97 638
78 876
78 932
23 831
6 969
38 608
58 36
24 693
65 751
64 840
73 230
74 218
12 40
80 753
39 573
97 28
67 120
63 851
90 701
62 323
42 418
92 723
84 80
50 458
99 151
36 470
95 782
36 12
17 701
41 971
30 708
67 344
46 643
47 960
18 963
55 163
43 830
69 484
8 328
82 424
47 615
10 428
39 342
14 134
15 379
55 885
36 372
24 641
80 669
80 397
60 993
98 947
24 179
95 721
47 919
34 440
3 72
55 98
93 572
86 286
62 145
86 620
24 254
90 451
83 859
45 682
29 631
10 747
82 633
28 851
27 294
25 781
58 649
72 454
41 962
56 447
95 531
4 415
18 813
57 848
4 540
64 767
88 488
27 653
81 557
79 405
58 929
10 997
25 402
57 844
75 298
46 77
60 204
57 359
33 803
19 860
10 499
20 664
53 530
98 235
21 982
92 560
16 124
35 385
73 318
41 999
30 934
77 594
1 825
30 921
87 74
41 524
100 925
47 28
37 228
83 812
18 869
47 812
17 484
84 727
22 53
59 234
3 989
38 686
74 657
55 683
100 716
46 628
56 202
0 896
52 148
3 181
37 112
16 830
44 170
27 548
60 458
69 511
82 678
93 57
70 692
100 343
9 438
37 440
15 117
10 886
25 888
50 158
39 6
8 872
61 385
66 125
0 782
66 167
8 513
14 99
4 853
56 981
28 722
7 712
11 181
48 998
21 343
25 771
39 836
35 41
45 152
24 685
81 3
49 865
33 41
37 747
21 462
90 523
87 877
34 205
56 43
72 877
61 240
91 61
7 758
20 354
34 270
17 261
19 236
52 172
8 636
50 884
28 304
18 278
18 715
7 433
17 547
34 488
69 339
93 555
50 389
3 412
100 627
41 311
15 55
33 510
17 707
27 939
75 566
67 403
44 407
61 857
58 997
25 706
16 697
17 522
54 278
49 459
72 411
51 365
83 436
11 412
18 226
100 763
89 893
50 702
4 159
12 217
8 304
66 724
34 465
71 454
34 376
12 59
85 844
14 108
70 550
26 792
16 993
41 13
53 67
77 560
83 739
39 737
37 638
87 913
43 828
80 380
58 92
40 954
31 975
14 301
51 500
14 150
61 312
23 566
4 600
20 10
56 683
84 387
68 300
83 960
36 739
34 20
57 504
60 201
82 623
47 859
26 321
12 159
61 848
63 512
89 664
74 200
71 152
96 884
31 792
98 935
27 510
33 636
5 355
59 772
35 702
78 769
74 978
70 814
62 28
33 488
33 836
52 862
7 546
46 898
0 277
21 551
60 488
92 439
28 112
36 954
25 421
31 975
100 837
52 487
35 852
47 79
91 152
4 635
8 356
22 641
100 118
28 107
8 316
97 923
62 119
50 212
99 25
44 898
20 989
93 667
87 875
3 621
95 318
87 12
16 110
57 808
21 343
23 16
22 202
75 263
81 439
97 801
38 589
69 976
4 664
28 959
25 956
33 461
91 231
35 336
78 632
21 310
37 912
63 337
72 654
54 447
71 541
93 678
43 953
26 389
86 552
33 608
63 249
32 428
75 193
61 592
29 842
43 807
91 978
94 714
9 475
92 412
56 823
19 593
12 316
97 539
13 271
59 184
71 210
44 833
56 964
42 616
67 689
97 235
2 97
30 697
69 299
28 844
41 879
76 468
83 650
29 104
84 581
64 165
54 386
37 735
8 708
75 359
90 897
50 483
79 289
3 159
97 530
61 438
44 971
14 78
60 220
30 450
52 964
28 878
33 830
51 941
60 782
49 416
56 808
62 187
90 235
12 621
73 927
14 112
74 554
65 781
40 123
20 11
64 566
80 766
89 685
28 3
94 477
48 969
2 5
15 996
34 285
59 447
9 489
2 527
99 752
61 579
25 490
92 120
81 205
40 385
22 130
78 959
71 13
90 577
92 167
53 40
2 985
83 916
93 576
78 92
77 619
17 120
74 277
93 708
42 156
8 409
75 910
24 326
95 278
39 917
66 532
87 198
41 811
45 359
69 578
93 965
39 875
27 108
35 477
41 599
70 97
34 154
54 62
7 635
77 90
87 41
97 108
85 301
34 907
24 19
44 921
15 785
94 700
88 419
62 645
71 159
67 636
0 523
97 930
79 899
10 462
69 859
29 470
87 251
91 344
66 989
71 122
83 202
77 678
32 516
22 636
28 769
92 311
72 796
71 942
5 613
73 76
16 651
73 16
48 109
44 660
9 737
92 1
47 824
