1600
43 61
12 38
61 14
70 73
64 78
100 3
100 20
42 79
27 94
51 53
52 38
96 52
0 92
60 7
82 23
50 70
100 60
55 90
58 36
30 85
10 39
64 28
75 20
25 56
59 22
8 13
59 83
40 37
40 44
49 25
40 64
84 59
75 23
6 11
100 61
71 60
4 43
56 25
70 94
10 54
28 82
47 1
15 63
100 6
40 15
27 81
46 2
22 19
100 12
22 75
88 37
47 41
90 80
18 6
34 83
59 41
15 27
66 10
49 40
23 40
9 64
57 1
11 60
2 18
25 87
87 28
24 83
49 56
79 90
35 33
96 55
83 42
70 49
89 13
15 32
54 53
44 99
16 53
26 39
67 8
77 70
52 37
46 28
14 98
8 94
20 16
6 85
84 19
88 75
87 0
95 60
59 76
44 66
39 31
6 36
67 7
79 23
74 0
88 54
4 31
30 6
73 24
91 99
32 50
14 57
97 37
33 73
50 7
11 21
75 96
48 59
58 36
49 46
32 11
22 53
87 47
12 96
61 47
63 30
15 80
96 82
87 38
15 7
33 60
54 27
98 95
62 19
46 66
65 72
54 63
21 62
50 91
98 48
97 81
95 69
99 67
81 20
68 81
53 73
7 83
23 13
85 27
94 86
2 24
47 59
4 42
47 49
88 93
48 50
77 24
95 77
72 52
79 75
33 16
23 68
50 84
75 3
25 23
27 99
59 95
80 3
36 83
4 70
74 93
25 48
41 11
9 47
41 44
32 89
22 47
85 61
29 96
81 100
81 77
46 88
14 0
78 36
42 52
96 93
17 15
28 0
14 22
41 14
24 23
44 26
0 79
36 36
50 7
88 73
25 12
84 55
87 79
85 12
5 37
0 4
31 41
25 16
20 88
86 90
55 82
30 91
90 4
86 67
24 60
17 54
90 4
42 46
46 45
24 82
0 100
69 92
52 31
31 70
55 25
51 12
35 37
43 18
39 14
67 55
26 24
24 90
77 33
49 80
36 61
77 15
83 51
31 44
66 6
10 86
27 60
27 22
14 33
37 74
0 41
7 33
94 79
36 57
58 53
54 74
25 41
39 79
99 50
43 20
50 66
27 56
2 6
39 19
77 69
84 56
95 25
91 77
88 47
11 75
51 83
91 53
2 40
42 61
98 1
28 73
47 24
50 67
74 13
26 2
100 28
85 11
99 82
94 79
60 34
72 39
55 72
74 7
33 10
63 32
88 61
4 76
76 78
50 83
36 49
66 90
53 17
5 89
62 45
63 30
56 14
82 84
72 76
27 21
47 47
7 54
59 58
2 98
63 79
45 94
98 100
0 99
86 45
10 53
46 70
67 99
12 75
25 23
28 100
16 3
11 97
59 70
1 99
88 31
86 4
56 37
48 71
1 16
50 0
71 22
28 74
58 80
44 84
60 95
55 23
85 53
98 93
3 1
65 9
40 16
69 4
64 76
24 46
31 80
67 1
1 68
42 18
13 13
73 81
76 41
4 44
31 40
99 63
43 52
80 21
34 52
59 50
37 52
32 12
51 81
61 75
78 95
47 2
32 55
85 4
94 61
79 39
65 95
14 95
27 61
23 12
97 37
8 28
6 90
91 3
32 15
48 19
7 20
4 28
99 19
86 45
82 59
74 89
91 47
22 53
93 49
98 51
8 100
94 51
5 60
77 47
42 5
81 59
30 10
48 32
17 65
91 93
37 62
60 20
8 28
37 19
95 28
64 11
16 0
95 42
55 2
52 1
43 63
35 30
3 68
20 11
66 79
75 6
78 22
5 52
87 88
77 86
79 79
9 45
22 27
70 10
39 95
21 1
66 72
48 52
71 63
84 97
12 38
37 27
37 40
79 39
18 87
27 86
47 75
65 7
95 13
72 17
98 92
59 45
22 2
34 99
97 16
66 68
81 90
26 54
8 40
4 6
34 91
35 5
65 69
32 14
41 65
88 9
7 43
11 50
49 58
2 29
18 71
98 52
92 83
82 23
18 84
35 47
77 7
25 60
72 95
42 2
21 74
96 1
14 23
24 65
64 37
96 56
61 95
81 67
31 25
21 28
9 57
38 69
26 78
3 76
81 23
78 71
63 8
67 64
45 85
28 90
53 90
94 31
11 60
30 78
68 28
13 30
72 94
81 61
88 82
79 62
50 4
29 52
18 90
9 8
52 74
41 11
28 90
81 66
2 51
30 97
95 72
3 19
39 39
100 69
91 19
41 40
88 69
8 83
8 45
66 56
66 62
19 23
93 58
6 50
14 45
23 86
16 40
31 51
7 90
60 77
91 33
27 0
58 40
100 91
4 1
26 43
33 54
21 55
7 75
26 17
40 0
11 82
46 61
84 53
19 19
71 69
65 95
11 61
16 67
32 50
77 58
5 88
3 40
20 50
72 77
90 11
10 10
75 98
93 91
26 78
74 85
67 23
32 8
89 7
34 76
18 86
46 73
78 20
16 98
2 61
6 60
64 18
24 49
0 9
62 31
18 90
64 19
85 51
76 62
74 39
29 45
70 53
90 92
42 40
14 76
80 28
17 36
71 6
75 28
28 70
27 44
97 82
39 98
1 39
51 32
47 37
67 61
26 71
76 33
44 31
12 14
10 57
19 61
76 56
99 24
26 5
31 3
16 56
96 71
25 80
4 12
36 38
56 7
74 91
45 28
55 30
47 34
22 55
78 5
12 76
93 24
21 94
64 30
89 43
92 86
2 98
51 52
6 19
81 100
78 14
15 57
46 2
24 37
69 37
60 0
77 40
100 20
66 58
18 17
25 42
29 98
83 38
33 3
13 0
58 37
63 88
20 12
86 38
100 16
62 93
24 77
42 96
68 15
56 70
34 1
45 78
58 69
84 51
15 91
6 53
8 98
69 50
84 31
63 83
31 77
59 30
11 81
64 57
59 64
60 92
67 48
21 87
87 86
26 32
0 71
12 92
66 39
47 88
1 82
14 67
65 87
12 36
17 61
54 7
56 85
71 32
50 100
57 77
71 59
69 72
3 40
8 70
1 14
9 91
48 18
71 87
22 67
62 0
89 82
52 15
27 5
28 50
43 37
51 37
25 3
60 47
77 29
50 9
87 98
90 27
67 69
98 54
12 89
32 48
27 7
88 1
19 48
53 37
86 76
21 57
55 34
74 99
41 82
97 34
65 0
84 25
38 4
94 5
34 61
47 19
29 63
39 59
35 14
12 90
32 1
23 20
25 83
98 0
55 57
31 62
60 59
100 50
13 69
55 2
62 58
2 22
2 29
50 5
84 44
12 7
41 60
87 55
45 93
34 61
90 60
30 67
52 15
59 10
22 52
8 66
57 48
7 37
49 47
26 84
32 42
90 68
58 97
96 83
42 44
42 64
51 11
17 48
38 66
96 78
64 12
89 51
85 81
27 22
27 15
10 8
83 77
22 10
93 17
52 84
21 11
52 55
73 45
52 20
93 54
18 47
32 1
95 16
70 83
99 84
30 36
23 47
94 15
88 53
64 28
78 63
0 78
6 100
70 85
71 33
5 64
32 14
17 97
76 58
71 22
74 30
36 81
33 52
87 86
92 70
5 20
49 82
61 90
20 97
9 83
64 83
70 44
71 80
19 19
28 72
62 99
71 64
44 23
90 88
26 84
39 32
0 4
15 97
70 49
52 48
70 92
52 59
69 38
27 36
49 51
16 48
20 96
58 78
69 28
89 57
27 43
7 99
1 77
92 19
45 62
42 94
24 10
50 7
1 67
60 67
87 88
20 80
70 62
81 8
72 42
64 62
4 19
30 31
26 90
87 77
17 46
33 16
44 54
67 46
13 92
91 46
47 28
45 38
81 53
48 46
74 14
83 33
33 18
67 73
33 29
100 77
7 25
97 6
22 6
86 14
98 96
49 51
74 28
74 10
84 49
78 68
30 40
63 67
34 71
35 82
49 23
80 97
99 35
12 88
78 42
88 81
3 53
85 9
88 46
50 8
53 8
3 99
66 30
0 88
21 85
55 51
80 30
42 26
17 60
55 88
40 6
40 69
74 23
69 80
82 69
99 56
26 71
17 69
100 9
39 45
34 66
85 21
56 24
18 82
51 5
46 24
49 92
8 85
10 40
19 84
71 14
21 62
84 70
94 87
62 46
46 88
34 82
83 67
93 52
51 47
77 18
98 66
84 3
89 46
73 21
82 20
7 29
71 88
56 61
50 64
8 84
96 49
11 98
10 24
26 47
45 34
75 22
93 11
31 4
58 100
54 21
14 92
15 5
46 36
29 37
33 15
76 8
93 41
34 12
68 20
6 15
27 67
42 79
27 23
35 19
100 57
66 74
32 50
97 95
71 9
40 29
89 37
25 66
84 79
97 94
55 73
90 8
28 82
6 74
67 98
17 72
31 46
7 3
22 35
22 18
60 91
25 90
34 82
56 74
2 58
16 15
30 47
75 94
60 9
58 41
35 90
97 1
49 19
50 6
27 37
1 86
76 79
82 8
13 39
79 37
64 88
83 61
80 55
11 95
68 84
89 27
72 80
33 7
100 10
89 69
62 36
11 24
62 7
40 57
70 46
87 34
45 1
32 52
90 58
17 96
48 3
95 82
25 17
52 32
63 100
44 59
54 16
10 30
52 0
47 54
5 42
51 99
89 4
1 57
28 95
92 36
31 53
15 69
20 64
74 91
13 14
72 23
88 52
82 90
30 89
96 74
51 4
15 13
28 27
34 15
10 20
45 63
83 28
41 57
34 66
61 44
60 73
43 2
75 54
34 48
45 46
38 53
90 54
57 31
61 53
60 1
76 82
39 75
61 50
31 23
16 34
97 80
2 43
76 48
73 49
55 77
8 72
17 84
37 18
69 48
92 53
28 11
23 3
35 34
18 55
22 42
75 43
49 75
21 93
79 75
78 86
59 82
9 50
35 62
92 59
78 35
32 64
76 51
65 83
99 72
82 1
70 65
30 98
51 66
2 74
74 50
73 29
29 37
31 17
84 8
53 85
39 7
28 35
56 78
25 40
41 8
89 64
29 38
73 66
77 59
54 92
32 49
26 80
84 80
92 39
28 69
4 51
87 93
63 0
12 13
58 43
34 81
38 54
91 74
52 94
66 6
88 93
28 55
6 71
25 2
100 5
65 36
1 64
67 81
67 93
34 32
59 76
96 82
93 27
73 78
42 30
27 77
53 22
80 61
7 11
9 99
1 62
96 29
84 60
64 61
49 39
86 59
52 87
33 20
51 33
72 81
64 29
20 38
21 65
68 25
25 75
86 23
34 96
38 0
21 96
87 83
69 24
5 55
20 0
40 96
78 80
100 60
64 65
60 75
67 16
73 41
27 51
31 88
72 90
42 30
23 47
25 8
63 57
6 94
13 3
75 31
54 0
14 8
1 87
42 73
61 88
12 86
50 65
45 19
35 12
16 89
1 98
38 60
62 4
32 52
97 14
65 1
41 38
78 6
51 65
0 21
93 28
73 71
30 88
96 46
26 57
32 28
37 30
8 4
87 72
45 90
37 16
89 90
82 23
54 32
45 74
81 35
59 28
34 43
33 84
89 99
38 29
92 23
23 10
57 25
96 33
97 75
41 53
23 29
18 96
98 85
42 91
9 77
34 31
77 77
80 77
55 79
55 47
12 99
72 16
29 62
37 63
55 39
45 58
40 79
22 7
93 31
88 30
96 51
87 26
98 80
50 69
50 35
42 12
18 3
47 50
84 70
55 29
19 25
83 71
35 44
65 8
85 59
82 51
13 95
31 37
14 99
6 66
98 29
11 96
20 66
87 32
70 51
67 3
64 26
78 8
29 30
99 34
8 95
54 18
78 44
51 3
30 1
55 7
15 26
12 36
90 51
40 14
8 64
88 92
40 44
32 48
11 18
69 15
72 28
63 18
72 93
89 77
25 51
73 9
33 61
41 30
44 4
72 87
45 83
79 59
26 44
55 58
66 86
56 96
59 31
36 10
58 83
11 47
96 33
65 93
63 1
18 69
62 53
62 52
61 98
80 95
78 47
20 40
86 16
31 87
85 40
1 88
23 26
47 4
27 28
23 98
95 57
55 42
8 71
0 51
49 29
24 16
12 64
18 73
92 6
60 72
23 29
59 80
26 48
32 77
22 38
79 55
91 13
69 24
24 45
37 70
87 84
37 95
61 60
98 39
42 68
85 3
55 23
20 76
16 9
67 95
74 2
65 42
47 83
43 1
70 53
49 89
86 57
21 85
89 49
89 99
74 46
55 12
60 11
13 100
99 97
72 80
75 42
28 29
19 80
21 42
35 12
69 75
71 14
29 54
63 100
53 88
83 25
98 92
66 24
34 35
31 100
31 57
82 12
84 34
66 79
72 57
41 63
46 15
47 24
6 52
13 57
50 2
100 23
20 56
47 67
25 89
25 21
37 31
37 50
8 63
48 10
53 68
28 79
39 62
3 13
77 28
70 5
38 77
93 29
35 33
94 86
23 82
30 55
1 23
91 29
45 84
18 8
74 80
80 75
25 39
95 11
99 26
54 51
35 88
45 35
89 35
42 4
42 73
20 21
1 19
60 46
97 89
99 21
20 39
29 88
94 94
14 61
37 36
44 37
27 6
62 34
65 42
19 86
47 23
95 44
18 91
31 47
34 26
91 57
73 61
54 1
3 88
22 21
92 96
81 44
29 64
87 89
38 91
68 12
91 73
78 47
57 64
29 34
45 97
68 23
46 16
60 72
71 64
62 39
86 31
81 77
43 11
88 67
20 55
78 21
41 21
29 14
86 92
0 26
15 30
82 45
46 71
20 31
70 68
88 77
47 67
47 88
97 20
58 93
13 69
39 14
4 59
23 99
34 52
50 98
73 65
22 91
73 35
34 64
59 36
5 68
38 36
44 98
46 49
2 94
57 44
92 85
20 25
14 89
87 35
58 16
75 27
93 0
60 1
92 19
97 9
30 93
58 86
24 65
47 37
33 9
38 52
78 97
9 50
39 12
71 59
66 85
77 95
17 17
35 44
42 41
98 5
61 88
56 46
17 83
58 97
61 42
9 89
98 18
8 10
12 73
39 53
1 90
78 31
18 100
60 37
82 53
62 4
65 93
100 3
23 69
31 4
35 37
42 31
98 27
9 31
8 0
50 16
84 36
90 8
28 93
90 81
97 3
89 77
45 19
10 83
76 35
53 10
40 67
32 60
17 98
21 71
49 76
84 87
