800
56 25
86 39
38 8
7 18
36 10
20 14
54 8
73 31
18 8
91 58
66 85
86 42
33 67
40 39
72 19
53 29
83 54
36 51
73 46
90 58
57 28
78 11
44 46
29 95
51 61
76 25
94 47
5 36
40 23
24 85
14 11
71 17
21 95
38 92
90 39
92 95
5 61
3 29
37 97
33 36
52 31
70 96
81 61
9 99
98 94
100 88
84 0
31 34
24 81
50 70
81 46
44 63
75 51
56 42
19 6
87 36
77 72
43 5
33 26
22 47
64 75
71 16
34 39
93 79
82 94
11 38
10 38
6 97
39 35
85 40
37 78
60 69
94 82
13 26
44 30
36 69
83 85
91 27
59 38
38 19
7 38
18 52
74 90
18 92
51 72
89 63
6 72
49 20
61 98
2 99
95 0
15 76
31 35
2 97
86 21
20 15
53 69
61 16
8 56
22 90
13 23
13 50
33 75
63 58
34 91
66 56
52 67
2 17
11 28
53 17
10 82
60 98
62 44
19 93
83 52
52 24
40 33
52 89
51 89
92 18
21 67
65 35
44 15
0 55
63 60
69 83
35 15
63 21
87 76
78 46
81 93
88 96
96 35
76 82
40 15
85 73
47 38
95 60
67 58
91 88
60 4
36 93
75 100
75 64
33 48
10 89
45 75
3 0
9 13
28 9
24 83
13 77
38 84
10 87
9 66
69 83
58 84
32 77
88 14
39 88
41 16
28 79
78 98
74 34
19 16
21 81
69 34
78 98
82 43
2 45
87 22
2 46
50 56
25 98
7 97
11 32
18 80
1 34
94 89
54 99
59 12
80 82
16 69
89 82
74 78
52 28
58 83
37 93
7 60
43 47
11 65
15 9
67 76
92 76
54 72
72 96
38 78
22 71
35 1
29 0
64 100
43 29
86 59
22 79
26 95
38 24
46 41
47 52
10 32
7 72
36 90
64 62
8 8
57 40
97 59
61 22
22 55
9 44
3 76
86 82
53 81
19 28
51 59
24 34
24 13
93 91
17 66
52 76
85 9
42 55
17 97
4 11
1 25
18 75
4 30
40 7
100 77
2 18
48 23
24 39
48 78
94 63
34 12
69 67
3 46
23 55
43 70
62 27
32 85
98 10
69 75
40 83
72 45
67 44
90 55
5 1
62 14
6 97
96 67
63 63
26 21
53 56
20 47
92 53
52 57
96 0
62 34
82 19
56 70
24 14
3 28
52 99
81 10
61 82
54 95
17 57
8 15
17 60
39 69
34 100
54 88
94 54
82 89
83 51
19 85
4 85
16 33
47 58
98 40
47 33
65 50
76 23
40 59
63 19
65 88
42 100
78 70
78 13
55 34
7 36
20 60
1 13
72 88
28 32
90 15
90 34
12 13
47 7
80 60
57 55
62 15
53 69
91 34
54 37
97 92
71 61
30 13
84 18
56 53
60 99
69 85
60 75
11 34
82 90
36 77
43 25
10 32
0 89
51 45
18 88
47 28
44 46
67 28
82 51
30 29
17 46
82 31
79 19
5 21
72 19
84 2
83 45
37 34
15 24
84 74
58 14
97 94
10 25
89 7
63 36
12 6
18 71
2 99
0 62
97 96
51 71
47 21
44 20
38 73
74 21
64 13
19 29
47 81
38 13
76 19
51 86
52 100
62 12
39 42
97 87
20 94
18 56
18 99
55 73
57 28
44 51
91 48
73 91
92 23
4 6
44 80
52 61
97 96
76 58
38 20
16 23
51 21
32 99
84 2
7 26
49 24
51 50
0 55
48 57
4 45
15 25
34 41
72 39
70 24
84 66
68 29
100 64
54 85
89 17
7 26
70 41
32 23
91 96
52 49
66 50
9 92
45 73
80 5
66 28
11 0
7 19
91 56
5 45
6 61
97 40
80 9
28 92
24 34
40 33
98 89
51 34
87 72
80 61
95 53
26 69
30 95
24 23
49 79
68 61
35 55
77 79
38 29
89 53
12 78
33 88
27 61
5 68
17 73
91 42
30 99
2 63
82 37
80 81
10 100
14 55
36 15
35 26
45 53
34 94
20 3
28 52
97 8
95 79
42 72
58 50
17 64
79 54
37 81
48 47
33 83
89 73
6 16
43 41
87 42
8 40
54 17
56 16
55 46
14 85
29 30
91 27
8 92
89 53
54 40
12 60
58 14
55 50
2 92
75 9
56 36
32 80
6 38
25 80
32 32
24 97
81 9
9 14
97 75
56 53
35 86
41 37
2 15
97 96
96 88
54 68
55 9
90 74
2 43
48 23
96 19
4 51
67 40
4 3
21 40
65 69
54 13
14 24
25 70
18 49
2 77
7 37
80 100
96 15
97 37
17 96
34 54
51 19
65 69
47 41
92 8
77 44
16 79
38 45
63 84
39 13
12 20
27 58
7 65
72 88
73 82
51 42
89 0
54 19
61 54
68 26
38 79
3 100
27 94
17 93
87 41
58 47
2 77
48 16
94 1
29 17
15 7
70 74
8 33
34 85
92 26
76 97
99 54
13 85
96 52
10 41
96 45
36 46
19 92
0 90
88 52
29 95
11 92
86 14
94 3
19 52
62 15
96 13
78 62
56 70
43 94
76 90
35 9
66 63
28 93
0 24
64 53
64 97
19 49
13 39
68 68
27 36
24 23
76 22
75 77
39 99
51 29
95 18
64 8
47 9
81 54
75 4
75 6
46 74
31 98
5 32
93 48
79 34
57 21
37 34
98 23
96 14
2 39
63 77
31 38
10 47
1 75
35 26
67 31
6 53
78 68
13 62
64 72
89 67
72 81
53 86
17 34
27 98
97 60
17 49
81 45
94 24
15 70
90 80
10 70
38 93
80 3
30 20
2 47
46 84
52 1
39 7
74 18
18 0
32 0
47 34
81 53
67 63
6 66
88 10
13 59
71 69
61 63
1 25
23 86
73 8
40 39
77 87
85 94
40 63
68 70
57 69
20 49
20 75
17 49
91 58
18 22
92 31
14 32
58 29
19 21
99 85
79 65
5 89
5 82
84 31
21 2
90 68
87 28
62 62
6 75
86 30
94 25
22 32
36 41
42 0
52 82
26 55
27 18
49 19
29 41
16 95
23 92
0 5
98 49
6 55
76 11
72 17
42 64
34 15
82 89
22 85
90 85
93 12
44 99
97 8
27 23
56 62
95 1
58 60
100 92
72 18
100 43
77 75
4 41
89 24
6 2
22 12
66 99
28 94
6 61
54 99
96 58
64 29
98 9
68 52
29 40
10 20
86 9
37 100
1 27
50 65
95 54
7 93
52 56
64 95
35 100
49 67
81 22
52 40
56 93
83 12
92 3
65 73
37 79
75 53
92 97
20 89
64 97
52 91
13 53
68 17
64 41
82 76
51 31
66 9
48 13
46 24
42 94
41 6
78 18
22 25
99 1
1 51
45 29
46 21
81 7
11 7
1 97
76 97
100 91
11 89
28 33
61 66
1 3
76 99
60 68
85 97
53 1
46 7
98 35
61 14
22 85
56 58
31 90
71 95
25 85
28 29
67 29
10 71
85 60
56 13
93 36
32 50
98 77
84 7
57 41
80 78
100 43
13 78
75 1
72 50
39 3
63 43
47 47
81 23
